3 2800 255
3 5300 595
4 365 600
4 3200 600
4 2102 600
5 1034 600
5 4700 600
3 1181 255
3 5300 495
3 1925 255
3 3525 305
3 4420 305
6 790 585
6 950 585
6 2186 585
6 2531 585
6 3000 245
6 4510 295
6 5000 245
6 5400 585
6 5100 585
6 5550 245
8 1207 10895
8 1920 637
8 3100 585
8 3500 585
8 3700 585
8 6000 585
6 204 34326
6 280 585
6 194 585
1 250 695
1 250 695
1 250 695
1 750 695
1 1250 695
1 2000 695
1 2500 695
1 3000 695
1 3650 695
1 4350 695
1 4850 695
1 5350 695
1 5850 695
2 600 400
2 1100 325
2 2000 325
2 2500 375
2 2950 325
2 3600 375
2 4500 375
2 5000 325
2 5550 325
101 1856 570
8 1098 19725
8 1396 6581
6 1092 245
