1 250.0 695.0
1 750.0 695.0
1 1250.0 695.0
1 2000.0 695.0
1 2500.0 695.0
1 3000.0 695.0
1 3650.0 695.0
1 4350.0 695.0
1 4850.0 695.0
1 5350.0 695.0
1 5850.0 695.0

2 600.0 400.0
2 1100.0 325.0
2 2000.0 325.0
2 2500.0 375.0
2 2950.0 325.0
2 3600.0 375.0
2 4500.0 375.0
2 5000.0 325.0
2 5550.0 325.0


3 2800 0
3 5300 500 

4 300.0 500
4 3200.0 500
4 2150 500		
5 1000.0 500
5 4700.0 500

6 475 500
6 975 500
6 2200 500
6 2600 500
6 3000 0
6 4500 0
6 5000 0
6 5400 500
6 5100 500
6 5550 0

8 1200 500
8 2100 500
8 3100 500
8 3500 500
8 3700 500
8 6000 500 

102 200.0 600.0 
101 50.0 600.0