3 380 596
3 906 596
3 480 596
4 1374 442
4 1360 518
4 1360 608
4 1465 444
4 1464 519
4 1450 609
5 4350 601
6 916 24709
6 1137 1771
6 3100 586
6 4188 321
6 4720 246
8 1190 752
8 2800 586
8 5600 586
8 6000 586
8 5000 586
1 250 695
1 250 695
1 750 695
1 1250 695
1 2500 695
1 3000 695
1 3800 695
1 4300 695
1 4800 695
1 5300 695
1 5800 695
2 900 470
2 1400 300
2 2000 325
2 2500 375
2 2950 325
2 4050 400
2 4600 325
2 5050 100
2 5400 375
101 1140 571
3 2075 256
3 962 401
3 2525 306
3 2700 596
3 4630 256
3 1475 231
3 4098 331
3 3750 596
6 292 586
8 1165 7932
8 1105 1865
