1 250.0 695.0
1 750.0 695.0
1 1250.0 695.0
1 2500.0 695.0
1 3000.0 695.0
1 3800.0 695.0
1 4300.0 695.0
1 4800.0 695.0
1 5300.0 695.0
1 5800.0 695.0

2 900.0 470.0
2 1400.0 300.0
2 2000.0 325.0
2 2500.0 375.0
2 2950.0 325.0
2 4050 400
2 4600 325
2 5050 100
2 5400 375


3 300.0 605.0
3 1000.0 605.0
3 500.0 500.0

4 1360.0 400.0
4 1360.0 500.0	
4 1360.0 600.0	
4 1450.0 400.0
4 1450.0 500.0
4 1450.0 600.0
5 4350 500

6 750 500
6 1100 500
6 3100 500
6 4125 0
6 4675 0

8 1200 500
8 2800 500
8 5600 0
8 6000 500
8 5000 500

101 50.0 0.0
102 150 0
