3 304 594
3 921 595
3 488 594
4 1564 255060
4 1366 479
4 1583 245238
4 1565 295166
4 1456 479
4 1674 254612
5 4349 600
6 926 493794
6 1377 585
6 3286 584
6 4594 67757
6 5057 17269
8 1489 585
8 3003 584
8 5479 5423
8 5809 957
8 5089 30627
1 250 695
1 250 695
1 750 695
1 1250 695
1 2500 695
1 3000 695
1 3800 695
1 4300 695
1 4800 695
1 5300 695
1 5800 695
2 900 470
2 1400 300
2 2000 325
2 2500 375
2 2950 325
2 4050 400
2 4600 325
2 5050 100
2 5400 375
101 5809 569
3 2093 254
3 1033 399
3 2620 305
3 2674 595
3 4554 255
3 1543 230
3 4031 330
3 3789 595
6 600 613450
6 898 527872
8 942 390
6 1623 229989
6 2388 289178
6 2583 584
8 3079 245
6 3362 463
6 4143 99715
6 3698 584
8 5033 14607
6 5170 33340
6 5483 294
8 5565 232
