3 2768 601
3 5300 595
4 271 600
4 3200 600
4 2055 600
5 984 599
5 4700 600
6 738 140917
6 1133 115149
6 2480 25629
6 2651 18561
6 3004 245
6 4510 295
6 5000 245
6 5400 585
6 5100 585
6 5550 245
8 1302 85490
8 2152 39323
8 3005 5531
8 3329 1004
8 3564 585
8 6000 585
1 250 695
1 250 695
1 750 695
1 1250 695
1 2000 695
1 2500 695
1 3000 695
1 3650 695
1 4350 695
1 4850 695
1 5350 695
1 5850 695
2 600 400
2 1100 325
2 2000 325
2 2500 375
2 2950 325
2 3600 375
2 4500 375
2 5000 325
2 5550 325
101 3004 569
3 1236 255
3 5300 494
3 1925 254
3 3525 304
3 4420 304
6 811 584
8 1146 244
8 1494 585
6 1061 244
6 1685 23884
6 2712 506
8 3302 883
6 2856 144
